33,2
33,0
25,4
25,1
25,3
24,1
24,3
27,4
29,4
35,4
28,4
27,5
34,4
34,1
34,3
29,1
29,3
28,5
28,1
28,3
27,1
27,3
35,5
35,1
35,3
14,5
37,35
33,4
33,7
33,6
33,5
33,3
10,125
10,9
10,233
10,314
10,90
10,249
10,283
11,29
11,21
11,30
11,4
11,26
8,15
8,16
8,11
8,8
33,106
33,105
33,104
33,103
33,102
33,101
33,100
33,99
33,98
33,97
33,96
33,95
33,94
33,93
33,92
33,91
33,90
33,89
33,88
33,87
33,86
33,85
33,84
33,83
33,82
33,81
33,80
33,79
33,78
33,77
33,76
33,75
33,74
33,73
33,72
33,71
33,70
33,69
33,68
33,67
33,66
33,65
33,64
33,37
33,36
33,35
33,34
33,33
33,1
33,32
33,31
33,30
33,29
33,28
33,27
20,3
20,2
20,1
19,3
19,2
19,1
18,3
18,1
14,4
14,3
14,1
13,3
13,1
12,3
12,2
12,1
11,28
